0.1 0.897631
0.11 0.908865
0.12 0.919621
0.13 0.929984
0.14 0.940024
0.15 0.949797
0.16 0.959352
0.17 0.96873
0.18 0.977964
0.19 0.987086
0.2 0.996122
0.21 1.00509
0.22 1.01403
0.23 1.02293
0.24 1.03183
0.25 1.04074
0.26 1.04966
0.27 1.05862
0.28 1.06763
0.29 1.07668
0.3 1.08581
0.31 1.095
0.32 1.10428
0.33 1.11364
0.34 1.1231
0.35 1.13266
0.36 1.14233
0.37 1.15211
0.38 1.16201
0.39 1.17204
0.4 1.18219
0.41 1.19248
0.42 1.20291
0.43 1.21348
0.44 1.2242
0.45 1.23506
0.46 1.24608
0.47 1.25726
0.48 1.2686
0.49 1.2801
0.5 1.29177
0.51 1.3036
0.52 1.31561
0.53 1.3278
0.54 1.34016
0.55 1.3527
0.56 1.36542
0.57 1.37833
0.58 1.39143
0.59 1.40472
0.6 1.41819
0.61 1.43186
0.62 1.44573
0.63 1.45979
0.64 1.47406
0.65 1.48852
0.66 1.50319
0.67 1.51806
0.68 1.53314
0.69 1.54842
0.7 1.56392
0.71 1.57962
0.72 1.59554
0.73 1.61167
0.74 1.62802
0.75 1.64459
0.76 1.66137
0.77 1.67838
0.78 1.6956
0.79 1.71305
0.8 1.73072
0.81 1.74862
0.82 1.76674
0.83 1.78509
0.84 1.80367
0.85 1.82247
0.86 1.84151
0.87 1.86078
0.88 1.88028
0.89 1.90002
0.9 1.91999
0.91 1.9402
0.92 1.96064
0.93 1.98132
0.94 2.00225
0.95 2.02341
0.96 2.04481
0.97 2.06645
0.98 2.08833
0.99 2.11046
1 2.13283
