1 0 -0.00330648
0.999978 0.00661383 0.0132314
0.999913 0.0132274 0.0396812
0.999803 0.0198403 0.066122
0.99965 0.0264524 0.0925489
0.999453 0.0330634 0.118957
0.999213 0.0396729 0.145343
0.998928 0.0462806 0.1717
0.998601 0.0528863 0.198026
0.998229 0.0594898 0.224314
0.997814 0.0660906 0.250561
0.997355 0.0726885 0.276761
0.996852 0.0792832 0.302911
0.996306 0.0858745 0.329005
0.995716 0.092462 0.35504
0.995083 0.0990455 0.38101
0.994406 0.105625 0.406911
0.993686 0.112199 0.432739
0.992922 0.118769 0.458489
0.992115 0.125333 0.484156
0.991264 0.131892 0.509736
0.99037 0.138445 0.535225
0.989433 0.144992 0.560617
0.988452 0.151533 0.585909
0.987428 0.158067 0.611097
0.986361 0.164595 0.636175
0.985251 0.171115 0.661139
0.984098 0.177627 0.685986
0.982902 0.184132 0.71071
0.981662 0.190629 0.735308
0.98038 0.197117 0.759774
0.979055 0.203597 0.784106
0.977687 0.210068 0.808297
0.976276 0.216529 0.832345
0.974823 0.222981 0.856246
0.973327 0.229424 0.879994
0.971788 0.235856 0.903585
0.970207 0.242278 0.927016
0.968583 0.24869 0.950283
0.966917 0.25509 0.973381
0.965209 0.26148 0.996307
0.963458 0.267858 1.01906
0.961666 0.274224 1.04162
0.959831 0.280578 1.06401
0.957954 0.286921 1.0862
0.956036 0.29325 1.10821
0.954075 0.299567 1.13001
0.952073 0.30587 1.15162
0.950029 0.31216 1.17302
0.947944 0.318437 1.19422
0.945817 0.324699 1.2152
0.943649 0.330948 1.23597
0.94144 0.337182 1.25652
0.939189 0.343401 1.27685
0.936897 0.349605 1.29695
0.934564 0.355794 1.31682
0.932191 0.361967 1.33647
0.929777 0.368124 1.35587
0.927321 0.374266 1.37503
0.924826 0.380391 1.39396
0.92229 0.386499 1.41263
0.919713 0.392591 1.43106
0.917097 0.398665 1.44923
0.91444 0.404722 1.46715
0.911743 0.410761 1.48481
0.909007 0.416782 1.50221
0.90623 0.422785 1.51934
0.903414 0.428769 1.5362
0.900559 0.434735 1.55279
0.897664 0.440681 1.56911
0.894729 0.446609 1.58515
0.891756 0.452517 1.60091
0.888744 0.458405 1.61639
0.885692 0.464273 1.63159
0.882602 0.47012 1.64649
0.879474 0.475947 1.66111
0.876307 0.481754 1.67543
0.873101 0.487539 1.68946
0.869858 0.493303 1.70319
0.866576 0.499045 1.71662
0.863257 0.504765 1.72974
0.859899 0.510464 1.74257
0.856504 0.51614 1.75508
0.853072 0.521793 1.76728
0.849602 0.527424 1.77918
0.846095 0.533032 1.79076
0.842551 0.538616 1.80202
0.838971 0.544177 1.81297
0.835353 0.549714 1.8236
0.831699 0.555226 1.8339
0.828009 0.560715 1.84388
0.824282 0.566179 1.85354
0.82052 0.571618 1.86287
0.816721 0.577033 1.87187
0.812887 0.582422 1.88055
0.809017 0.587785 1.88889
0.805112 0.593123 1.8969
0.801171 0.598435 1.90457
0.797196 0.603721 1.91191
0.793186 0.60898 1.91891
0.789141 0.614213 1.92558
0.785061 0.619418 1.9319
0.780947 0.624597 1.93789
0.776799 0.629749 1.94353
0.772617 0.634872 1.94883
0.768401 0.639968 1.95379
0.764152 0.645037 1.9584
0.759869 0.650076 1.96267
0.755553 0.655088 1.96659
0.751204 0.660071 1.97017
0.746822 0.665024 1.97339
0.742407 0.669949 1.97628
0.73796 0.674845 1.97881
0.73348 0.679711 1.98099
0.728969 0.684547 1.98283
0.724425 0.689353 1.98432
0.71985 0.694129 1.98545
0.715244 0.698875 1.98624
0.710606 0.70359 1.98668
0.705937 0.708275 1.98676
0.701237 0.712928 1.9865
0.696506 0.717551 1.98589
0.691745 0.722141 1.98493
0.686954 0.726701 1.98362
0.682133 0.731228 1.98196
0.677282 0.735724 1.97994
0.672401 0.740187 1.97759
0.667491 0.744618 1.97488
0.662551 0.749016 1.97182
0.657583 0.753382 1.96842
0.652586 0.757715 1.96467
0.64756 0.762014 1.96058
0.642506 0.76628 1.95614
0.637424 0.770513 1.95135
0.632314 0.774712 1.94622
0.627177 0.778877 1.94075
0.622011 0.783008 1.93494
0.616819 0.787105 1.92878
0.6116 0.791167 1.92229
0.606354 0.795195 1.91545
0.601081 0.799188 1.90828
0.595782 0.803146 1.90078
0.590458 0.807069 1.89294
0.585107 0.810956 1.88476
0.579731 0.814808 1.87625
0.574329 0.818625 1.86741
0.568902 0.822405 1.85825
0.56345 0.82615 1.84875
0.557974 0.829858 1.83893
0.552473 0.833531 1.82879
0.546948 0.837166 1.81832
0.541399 0.840765 1.80754
0.535827 0.844328 1.79643
0.530231 0.847853 1.78501
0.524612 0.851342 1.77327
0.51897 0.854793 1.76122
0.513305 0.858206 1.74886
0.507618 0.861582 1.73619
0.501908 0.864921 1.72322
0.496177 0.868221 1.70994
0.490424 0.871484 1.69636
0.484649 0.874709 1.68248
0.478853 0.877895 1.66831
0.473037 0.881043 1.65384
0.467199 0.884152 1.63908
0.461341 0.887223 1.62403
0.455463 0.890255 1.60869
0.449565 0.893247 1.59307
0.443648 0.896201 1.57717
0.437711 0.899116 1.56099
0.431755 0.901991 1.54453
0.42578 0.904827 1.5278
0.419786 0.907623 1.51081
0.413774 0.91038 1.49354
0.407744 0.913096 1.47601
0.401696 0.915773 1.45822
0.39563 0.91841 1.44018
0.389547 0.921006 1.42188
0.383447 0.923563 1.40333
0.377331 0.926079 1.38453
0.371197 0.928554 1.36548
0.365048 0.930989 1.3462
0.358883 0.933383 1.32668
0.352702 0.935736 1.30692
0.346505 0.938048 1.28693
0.340293 0.940319 1.26671
0.334067 0.942549 1.24627
0.327826 0.944738 1.22561
0.32157 0.946886 1.20474
0.315301 0.948992 1.18365
0.309017 0.951056 1.16235
0.30272 0.953079 1.14084
0.29641 0.955061 1.11914
0.290087 0.957 1.09723
0.283751 0.958898 1.07513
0.277403 0.960754 1.05284
0.271043 0.962567 1.03036
0.264671 0.964339 1.0077
0.258287 0.966068 0.984867
0.251892 0.967755 0.961855
0.245486 0.9694 0.938672
0.239069 0.971003 0.915322
0.232642 0.972563 0.89181
0.226204 0.97408 0.86814
0.219757 0.975555 0.844315
0.2133 0.976987 0.820341
0.206834 0.978376 0.79622
0.200358 0.979723 0.771958
0.193874 0.981026 0.747559
0.187382 0.982287 0.723026
0.180881 0.983505 0.698365
0.174372 0.98468 0.673579
0.167856 0.985812 0.648673
0.161332 0.9869 0.623651
0.154801 0.987946 0.598518
0.148264 0.988948 0.573277
0.14172 0.989907 0.547934
0.13517 0.990822 0.522493
0.128614 0.991695 0.496958
0.122052 0.992524 0.471334
0.115485 0.993309 0.445625
0.108913 0.994051 0.419836
0.102336 0.99475 0.393971
0.0957546 0.995405 0.368035
0.0891691 0.996017 0.342032
0.0825797 0.996584 0.315967
0.0759866 0.997109 0.289844
0.0693902 0.99759 0.263668
0.0627908 0.998027 0.237444
0.0561887 0.99842 0.211176
0.0495841 0.99877 0.184869
0.0429773 0.999076 0.158527
0.0363686 0.999338 0.132155
0.0297584 0.999557 0.105757
0.0231468 0.999732 0.0793388
0.0165343 0.999863 0.0529043
0.00992098 0.999951 0.0264582
0.00330726 0.999995 5.22859e-06
-0.00330661 0.999995 -0.0264501
-0.00992033 0.999951 -0.0529031
-0.0165336 0.999863 -0.0793491
-0.0231462 0.999732 -0.105784
-0.0297577 0.999557 -0.132202
-0.036368 0.999338 -0.158599
-0.0429766 0.999076 -0.184971
-0.0495834 0.99877 -0.211313
-0.056188 0.99842 -0.237621
-0.0627902 0.998027 -0.263889
-0.0693896 0.99759 -0.290113
-0.075986 0.997109 -0.316289
-0.082579 0.996585 -0.342411
-0.0891684 0.996017 -0.368477
-0.095754 0.995405 -0.39448
-0.102335 0.99475 -0.420416
-0.108912 0.994051 -0.446281
-0.115484 0.993309 -0.47207
-0.122051 0.992524 -0.497779
-0.128613 0.991695 -0.523403
-0.135169 0.990823 -0.548938
-0.141719 0.989907 -0.574379
-0.148263 0.988948 -0.599722
-0.154801 0.987946 -0.624963
-0.161332 0.9869 -0.650096
-0.167855 0.985812 -0.675118
-0.174371 0.98468 -0.700024
-0.18088 0.983505 -0.72481
-0.187381 0.982287 -0.749471
-0.193874 0.981027 -0.774004
-0.200358 0.979723 -0.798403
-0.206833 0.978376 -0.822665
-0.213299 0.976987 -0.846786
-0.219756 0.975555 -0.870761
-0.226204 0.97408 -0.894585
-0.232641 0.972563 -0.918255
-0.239068 0.971003 -0.941767
-0.245485 0.9694 -0.965117
-0.251891 0.967756 -0.9883
-0.258286 0.966068 -1.01131
-0.26467 0.964339 -1.03415
-0.271042 0.962567 -1.05681
-0.277403 0.960754 -1.07929
-0.283751 0.958898 -1.10158
-0.290087 0.957 -1.12368
-0.29641 0.955061 -1.14558
-0.30272 0.95308 -1.16729
-0.309017 0.951057 -1.18879
-0.3153 0.948992 -1.21009
-0.32157 0.946886 -1.23118
-0.327825 0.944738 -1.25206
-0.334066 0.94255 -1.27272
-0.340293 0.94032 -1.29316
-0.346504 0.938048 -1.31338
-0.352701 0.935736 -1.33336
-0.358882 0.933383 -1.35312
-0.365047 0.930989 -1.37264
-0.371197 0.928554 -1.39193
-0.37733 0.926079 -1.41097
-0.383447 0.923563 -1.42977
-0.389547 0.921007 -1.44832
-0.395629 0.91841 -1.46662
-0.401695 0.915773 -1.48467
-0.407743 0.913097 -1.50246
-0.413773 0.91038 -1.51999
-0.419785 0.907623 -1.53725
-0.425779 0.904827 -1.55425
-0.431754 0.901991 -1.57098
-0.43771 0.899116 -1.58743
-0.443647 0.896202 -1.60361
-0.449565 0.893248 -1.61951
-0.455463 0.890255 -1.63514
-0.461341 0.887223 -1.65047
-0.467199 0.884152 -1.66552
-0.473036 0.881043 -1.68028
-0.478853 0.877895 -1.69475
-0.484649 0.874709 -1.70893
-0.490423 0.871484 -1.72281
-0.496176 0.868222 -1.73639
-0.501908 0.864921 -1.74967
-0.507617 0.861583 -1.76264
-0.513304 0.858207 -1.77531
-0.518969 0.854793 -1.78767
-0.524611 0.851342 -1.79972
-0.53023 0.847854 -1.81145
-0.535826 0.844328 -1.82288
-0.541399 0.840766 -1.83398
-0.546948 0.837167 -1.84477
-0.552473 0.833531 -1.85524
-0.557973 0.829859 -1.86538
-0.56345 0.82615 -1.8752
-0.568901 0.822406 -1.88469
-0.574328 0.818625 -1.89386
-0.57973 0.814809 -1.9027
-0.585106 0.810957 -1.91121
-0.590457 0.807069 -1.91938
-0.595782 0.803146 -1.92722
-0.601081 0.799188 -1.93473
-0.606353 0.795195 -1.9419
-0.611599 0.791168 -1.94873
-0.616819 0.787105 -1.95523
-0.622011 0.783009 -1.96138
-0.627176 0.778878 -1.9672
-0.632314 0.774713 -1.97267
-0.637424 0.770514 -1.9778
-0.642506 0.766281 -1.98258
-0.64756 0.762015 -1.98702
-0.652585 0.757715 -1.99112
-0.657583 0.753383 -1.99487
-0.662551 0.749017 -1.99827
-0.66749 0.744619 -2.00133
-0.6724 0.740188 -2.00403
-0.677281 0.735724 -2.00639
-0.682132 0.731229 -2.0084
-0.686954 0.726701 -2.01006
-0.691745 0.722142 -2.01138
-0.696506 0.717551 -2.01234
-0.701236 0.712929 -2.01295
-0.705936 0.708275 -2.01321
-0.710605 0.703591 -2.01312
-0.715243 0.698876 -2.01269
-0.71985 0.69413 -2.0119
-0.724425 0.689354 -2.01076
-0.728968 0.684547 -2.00928
-0.73348 0.679711 -2.00744
-0.737959 0.674845 -2.00526
-0.742406 0.66995 -2.00272
-0.746821 0.665025 -1.99984
-0.751203 0.660071 -1.99661
-0.755552 0.655088 -1.99304
-0.759868 0.650077 -1.98911
-0.764151 0.645037 -1.98485
-0.768401 0.639969 -1.98023
-0.772617 0.634873 -1.97528
-0.776799 0.629749 -1.96998
-0.780947 0.624598 -1.96433
-0.785061 0.619419 -1.95835
-0.78914 0.614213 -1.95202
-0.793185 0.60898 -1.94536
-0.797196 0.603721 -1.93836
-0.801171 0.598435 -1.93102
-0.805111 0.593124 -1.92335
-0.809017 0.587786 -1.91534
-0.812887 0.582422 -1.907
-0.816721 0.577033 -1.89832
-0.820519 0.571619 -1.88932
-0.824282 0.56618 -1.87999
-0.828009 0.560715 -1.87033
-0.831699 0.555227 -1.86035
-0.835353 0.549714 -1.85004
-0.83897 0.544177 -1.83942
-0.842551 0.538616 -1.82847
-0.846095 0.533032 -1.81721
-0.849602 0.527425 -1.80563
-0.853072 0.521794 -1.79373
-0.856504 0.51614 -1.78153
-0.859899 0.510464 -1.76901
-0.863256 0.504766 -1.75619
-0.866576 0.499046 -1.74307
-0.869857 0.493303 -1.72964
-0.873101 0.487539 -1.71591
-0.876306 0.481754 -1.70188
-0.879473 0.475948 -1.68756
-0.882602 0.470121 -1.67294
-0.885692 0.464273 -1.65804
-0.888743 0.458405 -1.64284
-0.891756 0.452517 -1.62736
-0.894729 0.446609 -1.6116
-0.897663 0.440682 -1.59556
-0.900558 0.434735 -1.57924
-0.903414 0.42877 -1.56265
-0.90623 0.422785 -1.54579
-0.909006 0.416782 -1.52865
-0.911743 0.410761 -1.51126
-0.91444 0.404722 -1.4936
-0.917096 0.398665 -1.47568
-0.919713 0.392591 -1.45751
-0.92229 0.3865 -1.43908
-0.924826 0.380391 -1.42041
-0.927321 0.374266 -1.40148
-0.929776 0.368125 -1.38232
-0.932191 0.361968 -1.36291
-0.934564 0.355794 -1.34327
-0.936897 0.349606 -1.3234
-0.939189 0.343401 -1.3033
-0.941439 0.337182 -1.28297
-0.943649 0.330948 -1.26242
-0.945817 0.3247 -1.24165
-0.947944 0.318437 -1.22067
-0.950029 0.312161 -1.19947
-0.952073 0.305871 -1.17807
-0.954075 0.299567 -1.15646
-0.956036 0.293251 -1.13466
-0.957954 0.286921 -1.11265
-0.959831 0.280579 -1.09046
-0.961666 0.274225 -1.06807
-0.963458 0.267859 -1.04551
-0.965209 0.261481 -1.02276
-0.966917 0.255091 -0.999831
-0.968583 0.24869 -0.976733
-0.970207 0.242279 -0.953466
-0.971788 0.235857 -0.930035
-0.973326 0.229425 -0.906443
-0.974823 0.222982 -0.882695
-0.976276 0.21653 -0.858795
-0.977687 0.210068 -0.834747
-0.979055 0.203597 -0.810555
-0.98038 0.197118 -0.786224
-0.981662 0.190629 -0.761758
-0.982901 0.184133 -0.73716
-0.984098 0.177628 -0.712436
-0.985251 0.171115 -0.687589
-0.986361 0.164595 -0.662625
-0.987428 0.158068 -0.637547
-0.988452 0.151534 -0.612359
-0.989433 0.144993 -0.587067
-0.99037 0.138446 -0.561675
-0.991264 0.131893 -0.536186
-0.992115 0.125334 -0.510606
-0.992922 0.118769 -0.484939
-0.993686 0.1122 -0.459189
-0.994406 0.105625 -0.433361
-0.995083 0.0990462 -0.40746
-0.995716 0.0924627 -0.38149
-0.996306 0.0858752 -0.355455
-0.996852 0.0792839 -0.329361
-0.997355 0.0726891 -0.303211
-0.997814 0.0660912 -0.277011
-0.998229 0.0594904 -0.250764
-0.998601 0.052887 -0.224476
-0.998928 0.0462813 -0.19815
-0.999213 0.0396735 -0.171793
-0.999453 0.033064 -0.145407
-0.99965 0.0264531 -0.118999
-0.999803 0.019841 -0.092572
-0.999913 0.013228 -0.0661312
-0.999978 0.00661448 -0.0396811
-1 6.5359e-07 -0.0132263
-0.999978 -0.00661318 0.0132284
-0.999913 -0.0132267 0.0396785
-0.999803 -0.0198397 0.0661193
-0.99965 -0.0264518 0.0925463
-0.999453 -0.0330627 0.118955
-0.999213 -0.0396722 0.14534
-0.998929 -0.04628 0.171698
-0.998601 -0.0528857 0.198023
-0.998229 -0.0594891 0.224311
-0.997814 -0.0660899 0.250558
-0.997355 -0.0726878 0.276758
-0.996852 -0.0792826 0.302908
-0.996306 -0.0858739 0.329003
-0.995716 -0.0924614 0.355037
-0.995083 -0.0990449 0.381008
-0.994406 -0.105624 0.406909
-0.993686 -0.112199 0.432737
-0.992922 -0.118768 0.458486
-0.992115 -0.125333 0.484153
-0.991264 -0.131891 0.509733
-0.99037 -0.138445 0.535222
-0.989433 -0.144992 0.560615
-0.988452 -0.151533 0.585907
-0.987428 -0.158067 0.611094
-0.986361 -0.164594 0.636172
-0.985251 -0.171114 0.661137
-0.984098 -0.177626 0.685984
-0.982902 -0.184131 0.710708
-0.981662 -0.190628 0.735305
-0.98038 -0.197116 0.759772
-0.979055 -0.203596 0.784103
-0.977687 -0.210067 0.808295
-0.976276 -0.216529 0.832343
-0.974823 -0.222981 0.856243
-0.973327 -0.229423 0.879991
-0.971788 -0.235856 0.903583
-0.970207 -0.242278 0.927014
-0.968583 -0.248689 0.950281
-0.966917 -0.25509 0.973379
-0.965209 -0.261479 0.996305
-0.963459 -0.267857 1.01905
-0.961666 -0.274224 1.04162
-0.959831 -0.280578 1.06401
-0.957955 -0.28692 1.0862
-0.956036 -0.293249 1.1082
-0.954076 -0.299566 1.13001
-0.952073 -0.30587 1.15162
-0.95003 -0.31216 1.17302
-0.947944 -0.318436 1.19422
-0.945817 -0.324699 1.2152
-0.943649 -0.330947 1.23597
-0.94144 -0.337181 1.25652
-0.939189 -0.3434 1.27685
-0.936897 -0.349604 1.29695
-0.934565 -0.355793 1.31682
-0.932191 -0.361966 1.33646
-0.929777 -0.368124 1.35587
-0.927322 -0.374265 1.37503
-0.924826 -0.38039 1.39395
-0.92229 -0.386498 1.41263
-0.919714 -0.39259 1.43106
-0.917097 -0.398664 1.44923
-0.91444 -0.404721 1.46715
-0.911743 -0.41076 1.48481
-0.909007 -0.416781 1.5022
-0.90623 -0.422784 1.51934
-0.903414 -0.428768 1.5362
-0.900559 -0.434734 1.55279
-0.897664 -0.440681 1.56911
-0.89473 -0.446608 1.58515
-0.891756 -0.452516 1.60091
-0.888744 -0.458404 1.61639
-0.885693 -0.464272 1.63159
-0.882603 -0.47012 1.64649
-0.879474 -0.475947 1.66111
-0.876307 -0.481753 1.67543
-0.873102 -0.487538 1.68946
-0.869858 -0.493302 1.70319
-0.866576 -0.499044 1.71662
-0.863257 -0.504765 1.72974
-0.8599 -0.510463 1.74256
-0.856505 -0.516139 1.75508
-0.853072 -0.521793 1.76728
-0.849603 -0.527423 1.77918
-0.846096 -0.533031 1.79076
-0.842552 -0.538615 1.80202
-0.838971 -0.544176 1.81297
-0.835354 -0.549713 1.82359
-0.8317 -0.555226 1.8339
-0.828009 -0.560714 1.84388
-0.824283 -0.566178 1.85354
-0.82052 -0.571618 1.86287
-0.816722 -0.577032 1.87187
-0.812887 -0.582421 1.88055
-0.809017 -0.587785 1.88889
-0.805112 -0.593122 1.8969
-0.801172 -0.598434 1.90457
-0.797196 -0.60372 1.91191
-0.793186 -0.608979 1.91891
-0.789141 -0.614212 1.92558
-0.785061 -0.619418 1.9319
-0.780948 -0.624597 1.93788
-0.776799 -0.629748 1.94353
-0.772617 -0.634872 1.94883
-0.768402 -0.639968 1.95379
-0.764152 -0.645036 1.9584
-0.759869 -0.650076 1.96267
-0.755553 -0.655087 1.96659
-0.751204 -0.66007 1.97017
-0.746822 -0.665024 1.97339
-0.742407 -0.669949 1.97628
-0.73796 -0.674844 1.97881
-0.733481 -0.67971 1.98099
-0.728969 -0.684547 1.98283
-0.724426 -0.689353 1.98432
-0.719851 -0.694129 1.98545
-0.715244 -0.698875 1.98624
-0.710606 -0.70359 1.98668
-0.705937 -0.708274 1.98676
-0.701237 -0.712928 1.9865
-0.696507 -0.71755 1.98589
-0.691746 -0.722141 1.98493
-0.686955 -0.7267 1.98362
-0.682133 -0.731228 1.98196
-0.677282 -0.735723 1.97995
-0.672401 -0.740187 1.97759
-0.667491 -0.744618 1.97488
-0.662552 -0.749016 1.97182
-0.657584 -0.753382 1.96842
-0.652586 -0.757714 1.96467
-0.647561 -0.762014 1.96058
-0.642507 -0.76628 1.95614
-0.637425 -0.770513 1.95135
-0.632315 -0.774712 1.94622
-0.627177 -0.778877 1.94075
-0.622012 -0.783008 1.93494
-0.61682 -0.787105 1.92878
-0.6116 -0.791167 1.92229
-0.606354 -0.795195 1.91545
-0.601082 -0.799187 1.90828
-0.595783 -0.803145 1.90078
-0.590458 -0.807068 1.89294
-0.585107 -0.810956 1.88476
-0.579731 -0.814808 1.87625
-0.574329 -0.818624 1.86742
-0.568903 -0.822405 1.85825
-0.563451 -0.82615 1.84875
-0.557975 -0.829858 1.83893
-0.552474 -0.83353 1.82879
-0.546949 -0.837166 1.81832
-0.5414 -0.840765 1.80754
-0.535828 -0.844327 1.79643
-0.530232 -0.847853 1.78501
-0.524612 -0.851341 1.77327
-0.51897 -0.854792 1.76122
-0.513306 -0.858206 1.74886
-0.507618 -0.861582 1.7362
-0.501909 -0.864921 1.72322
-0.496177 -0.868221 1.70994
-0.490424 -0.871484 1.69636
-0.48465 -0.874708 1.68248
-0.478854 -0.877895 1.66831
-0.473037 -0.881042 1.65384
-0.4672 -0.884152 1.63908
-0.461342 -0.887222 1.62403
-0.455464 -0.890254 1.60869
-0.449566 -0.893247 1.59307
-0.443648 -0.896201 1.57717
-0.437711 -0.899116 1.56099
-0.431755 -0.901991 1.54453
-0.42578 -0.904827 1.5278
-0.419786 -0.907623 1.51081
-0.413774 -0.910379 1.49354
-0.407744 -0.913096 1.47601
-0.401696 -0.915773 1.45823
-0.395631 -0.91841 1.44018
-0.389548 -0.921006 1.42188
-0.383448 -0.923562 1.40333
-0.377331 -0.926078 1.38453
-0.371198 -0.928554 1.36549
-0.365049 -0.930988 1.3462
-0.358883 -0.933382 1.32668
-0.352702 -0.935736 1.30692
-0.346506 -0.938048 1.28693
-0.340294 -0.940319 1.26672
-0.334067 -0.942549 1.24628
-0.327826 -0.944738 1.22562
-0.321571 -0.946886 1.20474
-0.315301 -0.948992 1.18365
-0.309018 -0.951056 1.16235
-0.302721 -0.953079 1.14084
-0.296411 -0.955061 1.11914
-0.290088 -0.957 1.09723
-0.283752 -0.958898 1.07513
-0.277404 -0.960753 1.05284
-0.271043 -0.962567 1.03037
-0.264671 -0.964339 1.00771
-0.258288 -0.966068 0.984869
-0.251892 -0.967755 0.961857
-0.245486 -0.9694 0.938674
-0.23907 -0.971002 0.915325
-0.232642 -0.972562 0.891813
-0.226205 -0.97408 0.868142
-0.219758 -0.975555 0.844318
-0.213301 -0.976987 0.820343
-0.206834 -0.978376 0.796223
-0.200359 -0.979723 0.771961
-0.193875 -0.981026 0.747561
-0.187382 -0.982287 0.723029
-0.180881 -0.983505 0.698367
-0.174373 -0.98468 0.673581
-0.167856 -0.985811 0.648675
-0.161333 -0.9869 0.623654
-0.154802 -0.987946 0.59852
-0.148265 -0.988948 0.57328
-0.141721 -0.989907 0.547937
-0.13517 -0.990822 0.522496
-0.128614 -0.991695 0.496961
-0.122053 -0.992524 0.471337
-0.115486 -0.993309 0.445628
-0.108913 -0.994051 0.419839
-0.102337 -0.99475 0.393974
-0.0957553 -0.995405 0.368037
-0.0891697 -0.996016 0.342034
-0.0825803 -0.996584 0.315969
-0.0759873 -0.997109 0.289846
-0.0693909 -0.99759 0.263671
-0.0627915 -0.998027 0.237447
-0.0561893 -0.99842 0.211178
-0.0495847 -0.99877 0.184871
-0.0429779 -0.999076 0.158529
-0.0363693 -0.999338 0.132157
-0.029759 -0.999557 0.10576
-0.0231475 -0.999732 0.0793414
-0.0165349 -0.999863 0.0529069
-0.00992163 -0.999951 0.0264608
-0.00330791 -0.999995 7.84289e-06
0.00330595 -0.999995 -0.0264475
0.00991967 -0.999951 -0.0529005
0.016533 -0.999863 -0.0793465
0.0231455 -0.999732 -0.105781
0.0297571 -0.999557 -0.132199
0.0363673 -0.999338 -0.158597
0.042976 -0.999076 -0.184969
0.0495828 -0.99877 -0.211311
0.0561874 -0.99842 -0.237618
0.0627895 -0.998027 -0.263886
0.0693889 -0.99759 -0.29011
0.0759853 -0.997109 -0.316286
0.0825784 -0.996585 -0.342409
0.0891678 -0.996017 -0.368474
0.0957533 -0.995405 -0.394477
0.102335 -0.99475 -0.420413
0.108912 -0.994051 -0.446278
0.115484 -0.993309 -0.472068
0.122051 -0.992524 -0.497777
0.128612 -0.991695 -0.523401
0.135168 -0.990823 -0.548936
0.141719 -0.989907 -0.574377
0.148263 -0.988948 -0.59972
0.1548 -0.987946 -0.62496
0.161331 -0.9869 -0.650094
0.167855 -0.985812 -0.675115
0.174371 -0.98468 -0.700022
0.18088 -0.983505 -0.724807
0.18738 -0.982287 -0.749469
0.193873 -0.981027 -0.774001
0.200357 -0.979723 -0.798401
0.206832 -0.978376 -0.822663
0.213299 -0.976987 -0.846784
0.219756 -0.975555 -0.870758
0.226203 -0.97408 -0.894583
0.23264 -0.972563 -0.918253
0.239068 -0.971003 -0.941765
0.245484 -0.969401 -0.965115
0.251891 -0.967756 -0.988298
0.258286 -0.966069 -1.01131
0.264669 -0.964339 -1.03415
0.271042 -0.962568 -1.05681
0.277402 -0.960754 -1.07928
0.28375 -0.958898 -1.10157
0.290086 -0.957001 -1.12367
0.296409 -0.955061 -1.14558
0.302719 -0.95308 -1.16729
0.309016 -0.951057 -1.18879
0.315299 -0.948992 -1.21009
0.321569 -0.946886 -1.23118
0.327824 -0.944739 -1.25206
0.334066 -0.94255 -1.27272
0.340292 -0.94032 -1.29316
0.346504 -0.938049 -1.31337
0.3527 -0.935736 -1.33336
0.358881 -0.933383 -1.35312
0.365047 -0.930989 -1.37264
0.371196 -0.928554 -1.39193
0.377329 -0.926079 -1.41097
0.383446 -0.923563 -1.42977
0.389546 -0.921007 -1.44832
0.395629 -0.91841 -1.46662
0.401694 -0.915774 -1.48467
0.407742 -0.913097 -1.50246
0.413773 -0.91038 -1.51999
0.419785 -0.907624 -1.53725
0.425778 -0.904828 -1.55425
0.431753 -0.901992 -1.57098
0.43771 -0.899116 -1.58743
0.443647 -0.896202 -1.60361
0.449564 -0.893248 -1.61951
0.455462 -0.890255 -1.63513
0.46134 -0.887223 -1.65047
0.467198 -0.884153 -1.66552
0.473035 -0.881043 -1.68028
0.478852 -0.877896 -1.69475
0.484648 -0.874709 -1.70893
0.490423 -0.871485 -1.72281
0.496176 -0.868222 -1.73639
0.501907 -0.864922 -1.74966
0.507617 -0.861583 -1.76264
0.513304 -0.858207 -1.77531
0.518969 -0.854793 -1.78767
0.524611 -0.851342 -1.79972
0.53023 -0.847854 -1.81145
0.535826 -0.844329 -1.82288
0.541398 -0.840766 -1.83398
0.546947 -0.837167 -1.84477
0.552472 -0.833531 -1.85523
0.557973 -0.829859 -1.86538
0.563449 -0.826151 -1.8752
0.568901 -0.822406 -1.88469
0.574328 -0.818625 -1.89386
0.579729 -0.814809 -1.9027
0.585106 -0.810957 -1.91121
0.590457 -0.807069 -1.91938
0.595781 -0.803147 -1.92722
0.60108 -0.799189 -1.93473
0.606353 -0.795196 -1.9419
0.611599 -0.791168 -1.94873
0.616818 -0.787106 -1.95523
0.62201 -0.783009 -1.96138
0.627175 -0.778878 -1.9672
0.632313 -0.774713 -1.97267
0.637423 -0.770514 -1.9778
0.642505 -0.766281 -1.98258
0.647559 -0.762015 -1.98702
0.652585 -0.757716 -1.99112
0.657582 -0.753383 -1.99487
0.66255 -0.749017 -1.99827
0.66749 -0.744619 -2.00133
0.6724 -0.740188 -2.00403
0.677281 -0.735725 -2.00639
0.682132 -0.731229 -2.0084
0.686953 -0.726702 -2.01006
0.691744 -0.722142 -2.01138
0.696505 -0.717552 -2.01234
0.701236 -0.712929 -2.01295
0.705936 -0.708276 -2.01321
0.710605 -0.703591 -2.01312
0.715243 -0.698876 -2.01269
0.719849 -0.69413 -2.0119
0.724424 -0.689354 -2.01076
0.728968 -0.684548 -2.00928
0.733479 -0.679712 -2.00744
0.737959 -0.674846 -2.00526
0.742406 -0.66995 -2.00272
0.746821 -0.665025 -1.99984
0.751203 -0.660072 -1.99661
0.755552 -0.655089 -1.99304
0.759868 -0.650077 -1.98912
0.764151 -0.645038 -1.98485
0.7684 -0.639969 -1.98023
0.772616 -0.634873 -1.97528
0.776798 -0.62975 -1.96998
0.780946 -0.624598 -1.96433
0.78506 -0.619419 -1.95835
0.78914 -0.614214 -1.95203
0.793185 -0.608981 -1.94536
0.797195 -0.603722 -1.93836
0.801171 -0.598436 -1.93102
0.805111 -0.593124 -1.92335
0.809016 -0.587786 -1.91534
0.812886 -0.582423 -1.907
0.81672 -0.577034 -1.89832
0.820519 -0.571619 -1.88932
0.824282 -0.56618 -1.87999
0.828008 -0.560716 -1.87033
0.831699 -0.555227 -1.86035
0.835353 -0.549715 -1.85005
0.83897 -0.544178 -1.83942
0.842551 -0.538617 -1.82847
0.846095 -0.533033 -1.81721
0.849602 -0.527425 -1.80563
0.853071 -0.521794 -1.79373
0.856504 -0.516141 -1.78153
0.859899 -0.510465 -1.76902
0.863256 -0.504767 -1.75619
0.866575 -0.499046 -1.74307
0.869857 -0.493304 -1.72964
0.873101 -0.48754 -1.71591
0.876306 -0.481755 -1.70188
0.879473 -0.475948 -1.68756
0.882602 -0.470121 -1.67294
0.885692 -0.464274 -1.65804
0.888743 -0.458406 -1.64284
0.891755 -0.452518 -1.62736
0.894729 -0.44661 -1.6116
0.897663 -0.440683 -1.59556
0.900558 -0.434736 -1.57924
0.903414 -0.42877 -1.56265
0.90623 -0.422786 -1.54579
0.909006 -0.416783 -1.52866
0.911743 -0.410762 -1.51126
0.914439 -0.404723 -1.4936
0.917096 -0.398666 -1.47568
0.919713 -0.392592 -1.45751
0.922289 -0.3865 -1.43908
0.924825 -0.380392 -1.42041
0.927321 -0.374267 -1.40149
0.929776 -0.368126 -1.38232
0.93219 -0.361968 -1.36292
0.934564 -0.355795 -1.34328
0.936897 -0.349606 -1.3234
0.939188 -0.343402 -1.3033
0.941439 -0.337183 -1.28297
0.943649 -0.330949 -1.26242
0.945817 -0.324701 -1.24165
0.947944 -0.318438 -1.22067
0.950029 -0.312162 -1.19947
0.952073 -0.305871 -1.17807
0.954075 -0.299568 -1.15646
0.956035 -0.293251 -1.13466
0.957954 -0.286922 -1.11265
0.959831 -0.28058 -1.09046
0.961665 -0.274225 -1.06808
0.963458 -0.267859 -1.04551
0.965209 -0.261481 -1.02276
0.966917 -0.255092 -0.999833
0.968583 -0.248691 -0.976735
0.970206 -0.24228 -0.953469
0.971788 -0.235858 -0.930037
0.973326 -0.229425 -0.906446
0.974822 -0.222983 -0.882698
0.976276 -0.216531 -0.858798
0.977687 -0.210069 -0.83475
0.979055 -0.203598 -0.810558
0.98038 -0.197118 -0.786227
0.981662 -0.19063 -0.76176
0.982901 -0.184133 -0.737163
0.984098 -0.177628 -0.712438
0.985251 -0.171116 -0.687592
0.986361 -0.164596 -0.662627
0.987428 -0.158069 -0.637549
0.988452 -0.151534 -0.612362
0.989433 -0.144994 -0.58707
0.99037 -0.138447 -0.561677
0.991264 -0.131893 -0.536188
0.992115 -0.125335 -0.510608
0.992922 -0.11877 -0.484941
0.993686 -0.1122 -0.459192
0.994406 -0.105626 -0.433364
0.995083 -0.0990468 -0.407463
0.995716 -0.0924633 -0.381493
0.996306 -0.0858758 -0.355458
0.996852 -0.0792845 -0.329363
0.997355 -0.0726898 -0.303214
0.997814 -0.0660919 -0.277013
0.998229 -0.0594911 -0.250766
0.9986 -0.0528876 -0.224478
0.998928 -0.0462819 -0.198153
0.999213 -0.0396742 -0.171795
0.999453 -0.0330647 -0.14541
0.99965 -0.0264537 -0.119002
0.999803 -0.0198416 -0.0925746
0.999912 -0.0132287 -0.0661337
0.999978 -0.00661514 -0.0396835
1 -1.30718e-06 -0.0099235
