0.411
1.66347
1.8683
0.82612
-0.345802
-0.273924
0.542585
0.930987
2.22236
0.549118
-0.270021
-0.0409902
-0.536573
1.65317
1.40161
1.47229
-0.287903
-0.139397
-0.476987
0.971877
1.04995
1.93266
0.950149
0.38678
-0.631578
-0.132352
1.03656
1.36738
1.22991
0.0213661
0.244968
-0.130038
0.825427
2.09591
1.76208
0.530817
-0.580779
0.178462
0.433369
1.2378
1.97811
0.252377
-0.779522
0.401225
0.565702
1.8099
1.99779
0.671573
-0.0832547
-0.953753
0.148625
1.49223
1.12363
0.395925
0.263211
-0.588755
-0.247551
0.436165
1.81487
0.773738
0.380189
-0.281118
-0.191181
1.12636
1.74203
1.51183
0.795449
0.37748
-0.486928
0.844215
1.32189
1.63605
0.527823
0.00822804
-0.437146
0.571218
1.11411
1.54752
0.924978
-0.444113
-0.0348887
0.466112
1.13523
2.06436
1.82919
0.371924
-0.512458
-0.684818
0.583398
2.09307
1.168
0.105988
0.0425339
0.147718
0.987748
0.957262
1.80559
1.20161
-0.0253819
0.233793
0.178634
0.452026
1.54283
1.71899
0.637378
-0.833535
0.231857
0.458782
1.88582
1.09074
0.229757
-0.0425514
-0.752996
-0.0971819
1.60698
1.08244
0.921661
0.543302
-0.433952
0.861596
0.580611
2.23182
0.635713
0.499097
-0.036687
-0.47904
0.466991
1.65763
1.95404
0.765527
0.028894
0.0103966
1.01208
1.27997
1.70792
0.773369
0.0315668
-0.531514
1.00495
1.24408
2.07624
0.500171
-0.313795
0.234655
-0.0800216
1.70075
0.996469
1.70504
0.757667
-0.289649
-0.714876
1.43515
1.75532
1.2174
1.03408
-0.188312
-0.0597846
0.0574515
0.932824
1.62452
1.45243
0.393592
-0.43045
0.74109
0.731933
0.997797
0.894292
-0.47555
-0.449173
-0.0539999
0.894649
1.52459
1.66766
0.611189
-0.525462
-0.664135
1.02975
1.56259
2.11058
0.892722
-0.527153
-0.799451
0.748219
1.80468
1.66158
1.30562
-0.0540239
-0.860171
0.620476
1.16832
2.2308
1.55391
0.330062
-0.567457
0.393614
1.31545
1.35053
0.932806
1.01642
0.351201
-0.0512973
0.48611
1.21742
1.34431
0.61312
0.381102
-0.152642
-0.338305
1.15707
2.09247
1.56372
0.604952
0.234653
0.371229
1.3222
1.80225
1.24406
0.182918
-0.942525
-0.379415
0.0883987
2.11894
1.14295
0.738053
-0.263621
-0.930095
0.491556
1.95406
1.52062
1.15196
0.616936
-0.721684
-0.185877
1.04674
1.95782
1.53959
0.313568
-0.433958
0.406324
0.373691
1.21945
1.88096
1.13579
-0.479009
-0.0425363
1.05179
0.81676
1.20081
0.321752
-0.727163
-0.285528
-0.184594
0.760012
0.994824
1.548
0.178608
-0.999208
0.248643
0.927636
1.80559
0.95724
0.439719
0.147708
0.0425528
0.380017
1.99001
1.40805
0.994368
-0.547835
-0.375447
-0.176046
1.55521
1.24236
1.5462
0.603089
-0.993885
0.651914
0.651004
1.41052
0.703083
-0.250809
-0.985151
-0.26575
0.801853
0.951064
1.18487
1.11819
-0.760941
0.377496
0.795479
2.05985
1.33101
0.578326
0.356799
-0.96611
0.380218
1.45876
1.81487
0.984138
-0.521577
-0.999756
-0.010764
1.21795
1.26063
1.49221
0.696596
-0.268762
0.0537646
1.3566
1.9978
1.80989
0.291672
0.264209
-0.642509
1.07441
1.97813
1.78579
0.29634
-0.369561
-0.032775
0.393845
0.666108
1.41091
0.825402
-0.267065
-0.303036
0.569389
1.50393
1.09338
1.31054
1.10062
-0.768591
-0.846204
0.950179
1.52167
2.00893
1.10885
-0.751007
-0.413389
0.808126
0.650311
1.5386
0.69414
0.696402
-0.17799
-0.406996
0.412146
1.53736
0.930964
-0.00544444
-0.684933
-0.756783
0.82615
1.59431
1.11545
1.23297
-0.841487
-0.635285
0.95491
1.16782
2.05492
0.279387
-0.109009
-0.989354
0.820909
0.681046
2.23299
1.35855
-0.146194
-0.305611
-0.102265
0.835932
2.19441
1.98397
0.261093
-0.0909576
-0.836639
0.693881
0.846236
1.17957
1.36532
-0.214578
-0.545367
0.414123
0.800656
1.94703
0.95201
-0.140452
-0.862911
0.0189429
1.25021
2.22478
1.19152
-0.0223974
-0.689803
0.0769069
0.706652
1.05353
1.10576
1.07827
0.245081
0.331225
0.150457
1.86427
2.04974
1.35835
0.151748
0.109377
0.0151025
1.65481
1.41075
0.932525
-0.0251919
0.103124
-0.636715
0.852839
1.92513
1.56116
0.928615
0.312962
-0.826812
0.848581
1.95154
1.85691
1.34775
-0.77391
-0.540045
0.157206
1.08779
1.94414
0.798754
-0.292132
-0.177519
0.171047
0.71814
1.81589
1.31486
0.782743
-0.00937198
0.49983
0.998105
0.92347
1.3698
0.101572
-0.860085
-0.345983
0.990042
1.73848
0.948273
1.34122
0.138716
-0.709582
0.16842
1.53241
2.23221
0.91734
0.780947
-0.72083
0.473035
0.732651
0.970543
0.864122
0.774189
0.16917
0.416275
0.181273
1.54957
1.43798
1.33015
-0.510999
-0.260426
0.722368
1.23772
2.21495
1.60438
-0.0326357
-0.313814
0.734313
0.87093
1.68069
1.57502
-0.330019
0.123363
-0.584017
1.4265
2.16312
1.77059
1.04289
-0.594981
-0.200911
0.322661
1.33845
2.1755
0.228023
-0.422102
-0.980234
-0.226143
1.82082
1.82034
0.764995
-0.330772
-0.722472
-0.60902
1.29736
1.38566
0.851855
-0.0651794
0.299669
-0.806383
0.74695
1.69533
1.84077
1.03852
-0.247842
-0.939509
0.602604
1.25043
1.93744
0.902882
0.501043
-0.312795
0.612735
0.749577
1.81918
0.601976
0.475322
-0.154597
-0.160638
1.03284
1.21047
1.89712
1.16222
-0.0556042
-0.877561
0.888308
0.801171
1.07344
0.210752
-0.571702
-0.565578
0.612407
1.56105
1.27117
1.2975
0.0646557
-0.312801
-0.320884
0.354967
1.25246
1.93536
-0.219484
0.29346
0.437212
0.627609
1.56681
1.01028
0.0618602
-0.395436
0.0257011
0.893909
1.81092
1.79664
0.338277
-0.0610918
-0.174464
0.491308
1.31307
0.998349
1.82075
0.595772
-0.295252
0.536963
1.18711
2.03853
1.4754
0.322571
-0.474953
0.227064
0.357977
1.77064
2.16308
0.604414
0.237921
0.123384
0.629066
1.16409
1.13268
1.69285
-0.498765
0.234182
0.515438
1.46746
1.66696
1.78565
0.31128
-0.534455
0.174057
0.234242
1.30102
1.96052
0.0441824
0.416223
0.0322041
1.04828
1.96018
1.38152
0.595565
-0.0750358
-0.583821
0.507028
0.643418
1.27321
0.847332
-0.379664
-0.709599
-0.546218
1.20431
1.6333
0.916428
0.852953
-0.346024
-0.723039
0.923662
0.958852
1.06044
0.313016
0.225769
-0.968349
0.234828
0.629935
2.08988
1.12906
-0.37703
-0.177522
0.255942
0.661837
1.12216
1.90973
0.568118
-0.403073
0.322148
0.114845
1.99395
0.992489
0.0264909
-0.552863
-0.646002
1.0657
1.69822
1.6511
1.12675
-0.0887845
-0.170865
-0.0251105
1.4806
2.23276
1.51774
0.152019
0.246363
-0.533184
1.22143
0.953771
1.59022
-0.123633
0.194186
-0.165872
0.393358
2.06481
1.4645
0.295563
-0.0601534
-0.415779
-0.159311
1.32858
1.67677
0.976128
0.703866
0.0960873
-0.140376
1.50009
1.67304
0.937589
0.00303618
-0.682394
0.196481
0.132412
1.3166
1.39419
0.830791
-0.425689
-0.0909206
0.261182
1.16203
1.50938
0.835846
-0.239334
0.242401
0.538888
0.810624
1.68499
1.63997
0.820827
-0.989367
-0.382941
0.827473
1.91794
1.57876
0.54382
0.0496775
-0.704438
0.41106
1.2525
1.32027
1.23706
-0.0718419
-0.821907
-0.279358
1.75303
1.94835
1.23406
-0.133072
-0.31499
-0.536522
1.51622
0.990616
1.19824
-0.150961
-0.824414
-0.339947
0.834937
2.14597
1.24762
0.539088
-0.709253
-0.220553
-0.132292
1.8586
1.36736
0.955848
0.158321
-0.303022
0.829018
1.78448
0.999911
1.48803
0.393763
-0.580787
0.315508
1.11843
1.10081
1.43007
-0.158682
-0.0945457
-0.146741
0.0177622
1.94694
1.03876
0.397513
-0.494293
-0.131735
0.970683
0.807274
0.986618
0.94387
-0.284839
-0.0407538
0.0265004
0.436219
1.40388
0.910692
0.791132
-0.966133
-0.32814
1.12642
0.92005
0.826795
0.384389
-0.307551
0.335099
0.159275
1.73293
1.49904
0.527765
0.00818366
-0.711136
0.160274
1.11416
1.41052
1.60993
0.377833
-0.993895
0.466159
1.54629
1.24238
1.00715
0.234865
-0.786482
0.274217
0.446459
1.4081
1.16797
0.379928
-0.231504
-0.263263
-0.108194
1.64231
1.66858
1.33855
-0.436431
-0.177204
0.726686
1.54808
1.13183
1.03394
0.0893205
-0.55955
0.231899
1.41784
2.02284
1.63871
0.914697
-0.864582
-0.341968
0.998878
1.33302
2.04142
0.373603
0.132258
0.114059
0.313652
0.85466
1.13581
1.73166
0.773043
-0.173693
-0.615993
1.15205
1.52064
1.954
1.03947
-0.930128
0.284432
1.28614
1.28
1.0229
0.636309
0.30553
0.290506
0.594006
1.65512
1.93923
0.774115
0.371156
-0.861342
-0.216969
0.741798
1.13347
1.294
-0.33839
0.258338
-0.714834
0.750209
0.933342
0.943365
0.349019
0.0856586
-0.333756
0.0575116
0.932861
1.3505
0.219366
-0.291451
-0.704438
-0.217854
1.55398
1.68279
1.30524
0.209397
-0.449178
-0.327952
0.620706
1.1136
1.66762
0.0631305
-0.388483
-0.664099
0.892812
1.56262
1.83655
1.16666
-0.116189
0.29657
0.0632779
1.66772
1.38757
1.16856
-0.0540721
-0.0381665
0.757529
1.44237
