0
0
1.2729e-15
0
1.9101e-16
0
9.02056e-17
0
0
0
0.000193267
1.68116e-05
0.000125267
5.88654e-07
8.88178e-16
0.0150155
0.000545563
0.0386366
2.36285e-09
0.0472199
0.000346668
0.0370198
1.17731e-06
0
0.000302315
0.000114866
0.000208495
1.76596e-06
1.77636e-15
0.0309159
0.000237071
0.0753609
0.000302771
0.0921217
0.000309325
0.0735999
2.35462e-06
0
0.00544959
0.00093638
0.00326206
2.94327e-06
4.44089e-15
0.0549968
0.0163891
0.124214
0.00518491
0.151665
0.00754791
0.124636
3.53193e-06
0
0.00533727
0.00103153
0.00317811
4.12058e-06
0
3.62395e-06
3.84453e-06
3.5734e-06
1.85463e-06
4.18224e-06
3.17835e-06
3.16394e-06
4.70924e-06
