                        0
                        0
  -1.2728997681570845e-15
                        0
  -1.9100964100389728e-16
                        0
  -9.0205620750793969e-17
                        0
                        0
                     1.25
       -1.001622786901589
       0.3545609201802814
      0.43341941416830332
                 -1.04884
       2.4999999999999991
      0.77329041240884844
      -2.0034046021950744
      -2.0127617439440164
      0.70915546129521556
        2.451403602112483
      0.86693496297433015
      -1.9150943794326671
                 -2.09768
                     3.75
      -3.0045908732447288
       1.0636183297062072
       1.3000909366820683
      -3.1465200000000002
       5.0000000000000018
       1.5456959523883789
      -4.0059551486221592
      -4.0274359070911396
       1.4180081561337845
       4.9051253607627929
       1.7334859141101593
      -3.8306284870932767
                 -4.19536
                     6.25
      -5.0125971915803369
       1.7738250395002111
       2.1697327938548727
      -5.2442000000000002
       7.4999999999999956
       2.3099209361513577
      -6.0249662381620741
      -6.0299809231424488
        2.132651296271634
       7.3442051464991307
       2.6073127933015914
      -5.7317067859507986
      -6.2930400000000004
                     8.75
      -7.0153439047247117
        2.483075648312667
        3.036237144929756
      -7.3418799999999997
                       10
       3.1532200000000001
      -8.0114400000000003
      -8.2055900000000008
       2.8366199999999999
       9.9944900000000008
       3.4663499999999998
      -7.8084600000000002
                 -8.39072

