1
2
2
2
2
2
2
2
2
2
2
2
2
2
2
2
2
2
2
2
2
2
2
2
2
2
2
2
2
1
1
1.59136
1.86285
2.01762
2.12168
2.19958
2.26182
2.31352
2.35741
2.39511
2.4276
2.45549
2.47915
2.49875
2.51435
2.52585
2.53308
2.53573
2.53333
2.52526
2.51065
2.48834
2.45668
2.41327
2.35431
2.27338
2.15798
1.98035
1.66795
1
1
1.4644
1.79871
2.03947
2.22118
2.36495
2.48295
2.58224
2.6671
2.74018
2.8032
2.85723
2.90293
2.94063
2.97039
2.99204
3.00522
3.00931
3.00341
2.98631
2.95639
2.91144
2.84846
2.76319
2.64933
2.4972
2.29088
2.00348
1.59088
1
1
1.42863
1.78597
2.07563
2.31179
2.50755
2.67265
2.81378
2.93547
3.04079
3.13179
3.20984
3.27575
3.32993
3.37243
3.40297
3.421
3.42564
3.41561
3.38918
3.34409
3.27734
3.18498
3.06161
2.8998
2.68918
2.415
2.05711
1.59124
1
1
1.42514
1.79952
2.12163
2.39709
2.63333
2.83714
3.01397
3.16788
3.30184
3.41795
3.51764
3.60176
3.67073
3.72455
3.76281
3.78481
3.78939
3.77496
3.73938
3.67992
3.59301
3.47412
3.31731
3.11493
2.85709
2.53124
2.12245
1.61545
1
1
1.43354
1.82446
2.17139
2.47677
2.74487
2.98026
3.18704
3.36857
3.52746
3.66565
3.78448
3.88474
3.96681
4.03056
4.07548
4.10069
4.10484
4.08605
4.04188
3.96925
3.86426
3.72205
3.53655
3.30027
3.00417
2.63753
2.18856
1.64574
1
1
1.44596
1.85294
2.22036
2.54956
2.84316
3.10428
3.33594
3.54081
3.72104
3.8783
4.01376
4.1281
4.22156
4.29392
4.34453
4.37236
4.37586
4.35296
4.30099
4.21664
4.09581
3.93351
3.72374
3.45931
3.13195
2.73223
2.25013
1.67571
1
1
1.45904
1.88094
2.26568
2.61429
2.92852
3.2106
3.46276
3.68707
3.88527
4.05873
4.20839
4.33478
4.43801
4.51772
4.57313
4.60307
4.60586
4.57924
4.5204
4.42587
4.29146
4.11217
3.8821
3.59442
3.24143
2.81458
2.30482
1.70294
1
1
1.47124
1.90635
2.30569
2.67015
3.00108
3.30011
3.56897
3.80925
4.02232
4.20926
4.37082
4.50733
4.61876
4.70464
4.76405
4.7957
4.79778
4.76793
4.7032
4.60006
4.45426
4.26085
4.01407
3.70736
3.33348
2.88441
2.35169
1.72652
1
1
1.48181
1.92809
2.33943
2.71666
3.06091
3.37346
3.65567
3.90878
4.13387
4.33179
4.50305
4.64785
4.76602
4.85696
4.91964
4.95266
4.95412
4.92155
4.85195
4.74173
4.58664
4.38178
4.12152
3.79953
3.40886
2.94189
2.3905
1.74614
1
1
1.49037
1.9456
2.36638
2.75356
3.1081
3.4311
3.72365
3.98675
4.22124
4.42778
4.60671
4.75809
4.88161
4.97657
5.04185
5.07596
5.07691
5.04218
4.96872
4.8529
4.6905
4.47668
4.2059
3.872
3.46828
2.98732
2.42127
1.76174
1
1
1.49672
1.95855
2.38626
2.78069
3.14274
3.47336
3.77348
4.04394
4.28541
4.49837
4.68306
4.83939
4.96696
5.06498
5.13224
5.16719
5.16779
5.13146
5.05512
4.93514
4.76732
4.54685
4.26831
3.92564
3.5123
3.02104
2.44414
1.77335
1
1
1.50075
1.96678
2.3989
2.79797
3.16485
3.50044
3.80556
4.08091
4.32706
4.54439
4.73301
4.89275
5.02314
5.12331
5.19198
5.22756
5.22797
5.1906
5.11235
4.9896
4.81815
4.59326
4.30955
3.96108
3.54137
3.0433
2.45925
1.78102
1
1
1.50238
1.97014
2.40414
2.80529
3.17444
3.51244
3.82007
4.09797
4.34662
4.56634
4.75716
4.91885
5.05089
5.15233
5.22188
5.25791
5.2583
5.22044
5.14122
5.01703
4.8437
4.61651
4.33014
3.9787
3.55577
3.0543
2.46668
1.78479
1
1
1.50154
1.96851
2.40186
2.80252
3.17138
3.5093
3.81704
4.09521
4.34426
4.56446
4.75581
4.91804
5.05058
5.15247
5.22239
5.25869
5.25924
5.22144
5.14217
5.01786
4.84433
4.61692
4.33032
3.97868
3.55561
3.05407
2.46647
1.78466
1
1
1.49816
1.96177
2.39187
2.78946
3.15548
3.49084
3.79631
4.07252
4.31991
4.53873
4.72898
4.89036
5.0223
5.12382
5.19361
5.23001
5.23091
5.19369
5.11529
4.99213
4.82008
4.59448
4.31005
3.96095
3.54081
3.04254
2.45855
1.78061
1
1
1.49215
1.94974
2.37392
2.76579
3.1264
3.4567
3.75753
4.02955
4.27323
4.48884
4.67637
4.83554
4.96579
5.06615
5.13531
5.17164
5.17305
5.13696
5.06031
4.93957
4.77064
4.54887
4.26902
3.92522
3.51108
3.01948
2.44274
1.77252
1
1
1.48338
1.93218
2.34767
2.73112
3.08366
3.40637
3.70016
3.96575
4.20367
4.41422
4.59742
4.75303
4.8805
4.97889
5.04693
5.08301
5.08509
5.05062
4.97661
4.85955
4.69537
4.47948
4.20661
3.87091
3.46593
2.98448
2.41875
1.76026
1
1
1.47172
1.90879
2.31271
2.68489
3.02663
3.33913
3.62343
3.88032
4.11041
4.31403
4.49129
4.64197
4.76555
4.86116
4.92756
4.9632
4.96609
4.93374
4.86322
4.75108
4.59331
4.38533
4.12192
3.79718
3.40462
2.93693
2.38615
1.7436
1
1
1.45695
1.87921
2.26848
2.6264
2.95448
3.25408
3.52635
3.77221
3.99235
4.18717
4.35685
4.5012
4.61979
4.71178
4.776
4.81097
4.81477
4.785
4.7188
4.61282
4.46309
4.26511
4.01367
3.70286
3.32612
2.87601
2.34437
1.72224
1
1
1.43885
1.84293
2.21427
2.55477
2.86618
3.15004
3.40767
3.64011
3.84814
4.03225
4.19266
4.32928
4.44172
4.52922
4.59069
4.62473
4.62951
4.60274
4.54167
4.44304
4.303
4.11711
3.88022
3.58643
3.22909
2.80062
2.29261
1.69576
1
1
1.41708
1.79935
2.1492
2.4689
2.76044
3.0256
3.26588
3.48243
3.67613
3.84757
3.99702
4.12446
4.22957
4.31168
4.36978
4.40257
4.40835
4.38494
4.32973
4.23962
4.11088
3.93921
3.71952
3.44594
3.1118
2.70934
2.22987
1.66363
1
1
1.39124
1.74767
2.07216
2.36739
2.63567
2.87904
3.09914
3.29727
3.47439
3.63116
3.76792
3.8847
3.98127
4.05703
4.11109
4.14225
4.14895
4.12919
4.08052
4.00001
3.88415
3.72878
3.52898
3.27898
2.97206
2.60034
2.1548
1.62514
1
1
1.36081
1.68688
1.98173
2.24852
2.48994
2.70826
2.90529
3.08241
3.24066
3.38074
3.50305
3.60768
3.69445
3.76286
3.81213
3.8412
3.84867
3.83273
3.79114
3.72122
3.6197
3.48269
3.30549
3.08249
2.80707
2.47125
2.06565
1.57935
1
1
1.32506
1.61564
1.87608
2.11014
2.32088
2.51079
2.68177
2.83528
2.97236
3.09374
3.19983
3.29078
3.36646
3.42646
3.47012
3.49654
3.5045
3.49241
3.45831
3.3998
3.31395
3.19721
3.04523
2.85273
2.61328
2.31895
1.96007
1.52497
1
1
1.28299
1.53212
1.75283
1.94952
2.1256
2.28365
2.42562
2.55293
2.66658
2.76727
2.8554
2.93113
2.99439
3.04487
3.08202
3.10511
3.11313
3.10475
3.07832
3.03181
2.9627
2.86792
2.74362
2.58502
2.38615
2.13934
1.83482
1.46017
1
1
1.23313
1.43378
1.6088
1.7632
1.90055
2.02336
2.13344
2.23205
2.3201
2.39817
2.46663
2.52563
2.57513
2.6149
2.64454
2.66348
2.67095
2.66591
2.64708
2.61285
2.56123
2.48973
2.3952
2.27362
2.11982
1.92685
1.68529
1.3822
1
1
1.17307
1.3168
1.43964
1.54677
1.64146
1.72584
1.80135
1.86898
1.92939
1.98303
2.03018
2.07094
2.10532
2.13315
2.15417
2.16799
2.1741
2.17178
2.16015
2.13809
2.10422
2.05679
1.99353
1.9115
1.80678
1.67384
1.50458
1.28657
1
1
1.09845
1.17534
1.23939
1.29464
1.34323
1.38644
1.42508
1.45971
1.49068
1.51823
1.54252
1.5636
1.58148
1.59607
1.60725
1.61482
1.61852
1.61799
1.61277
1.60231
1.58588
1.56257
1.53121
1.49021
1.43744
1.3697
1.28192
1.16502
1
1
1
1
1
1
1
1
1
1
1
1
1
1
1
1
1
1
1
1
1
1
1
1
1
1
1
1
1
1
1

