0
2.00662
2.04369
1.98789
1.98
2.01256
2.01114
1.98732
1.99413
2.01272
2.00185
1.98727
2.00185
2.01272
1.99413
1.98732
2.01114
2.01256
1.98
1.98789
2.04369
2.00662
1.60478e-14
1.00331
1.70028
1.8347
1.8802
1.89992
1.9078
1.9078
1.89992
1.8802
1.8347
1.70028
1.00331
1.02184
1.29067
1.49096
1.61196
1.68628
1.73411
1.76607
1.78784
1.80259
1.81213
1.81749
1.81923
1.81749
1.81213
1.80259
1.78784
1.76607
1.73411
1.68628
1.61196
1.49096
1.29067
1.02184
0.993945
1.36092
1.56282
1.66174
1.71035
1.73075
1.73075
1.71035
1.66174
1.56282
1.36092
0.993945
0.990001
1.1472
1.27754
1.38296
1.46389
1.52447
1.56922
1.60178
1.62483
1.64016
1.64893
1.65179
1.64893
1.64016
1.62483
1.60178
1.56922
1.52447
1.46389
1.38296
1.27754
1.1472
0.990001
1.00628
1.22061
1.3853
1.4887
1.54691
1.57296
1.57296
1.54691
1.4887
1.3853
1.22061
1.00628
1.00557
1.09251
1.17944
1.25675
1.32247
1.37639
1.41931
1.45241
1.47684
1.49359
1.50335
1.50656
1.50335
1.49359
1.47684
1.45241
1.41931
1.37639
1.32247
1.25675
1.17944
1.09251
1.00557
0.993661
1.14829
1.2716
1.35975
1.41441
1.44025
1.44025
1.41441
1.35975
1.2716
1.14829
0.993661
0.997064
1.06319
1.12387
1.17991
1.22983
1.27282
1.30861
1.3373
1.35914
1.37446
1.38352
1.38653
1.38352
1.37446
1.35914
1.3373
1.30861
1.27282
1.22983
1.17991
1.12387
1.06319
0.997064
1.00636
1.10419
1.19509
1.26462
1.31038
1.33285
1.33285
1.31038
1.26462
1.19509
1.10419
1.00636
1.00092
1.04469
1.08801
1.12873
1.16584
1.19863
1.22664
1.24961
1.26745
1.28016
1.28776
1.29029
1.28776
1.28016
1.26745
1.24961
1.22664
1.19863
1.16584
1.12873
1.08801
1.04469
1.00092
0.993634
1.07446
1.14097
1.19372
1.22966
1.24774
1.24774
1.22966
1.19372
1.14097
1.07446
0.993634
1.00092
1.0319
1.06297
1.09243
1.11961
1.14396
1.16505
1.18258
1.19637
1.20627
1.21224
1.21423
1.21224
1.20627
1.19637
1.18258
1.16505
1.14396
1.11961
1.09243
1.06297
1.0319
1.00092
1.00636
1.0531
1.10111
1.13995
1.16695
1.18072
1.18072
1.16695
1.13995
1.10111
1.0531
1.00636
0.997064
1.02253
1.04453
1.06549
1.08495
1.10251
1.11784
1.13069
1.14086
1.14821
1.15266
1.15415
1.15266
1.14821
1.14086
1.13069
1.11784
1.10251
1.08495
1.06549
1.04453
1.02253
0.997064
0.993661
1.03701
1.07069
1.09823
1.1176
1.12756
1.12756
1.1176
1.09823
1.07069
1.03701
0.993661
1.00557
1.01534
1.03033
1.04465
1.05799
1.07008
1.08069
1.08961
1.0967
1.10185
1.10496
1.10601
1.10496
1.10185
1.0967
1.08961
1.08069
1.07008
1.05799
1.04465
1.03033
1.01534
1.00557
1.00628
1.02433
1.04655
1.06483
1.07776
1.08445
1.08445
1.07776
1.06483
1.04655
1.02433
1.00628
0.990001
1.00953
1.01886
1.02778
1.03611
1.04367
1.05032
1.05593
1.0604
1.06364
1.06561
1.06627
1.06561
1.06364
1.0604
1.05593
1.05032
1.04367
1.03611
1.02778
1.01886
1.00953
0.990001
0.993945
1.0138
1.02644
1.03686
1.04426
1.04809
1.04809
1.04426
1.03686
1.02644
1.0138
0.993945
1.02184
1.00457
1.00904
1.01332
1.01732
1.02096
1.02416
1.02686
1.02901
1.03058
1.03153
1.03185
1.03153
1.03058
1.02901
1.02686
1.02416
1.02096
1.01732
1.01332
1.00904
1.00457
1.02184
1.00331
1.00447
1.00857
1.01195
1.01436
1.01561
1.01561
1.01436
1.01195
1.00857
1.00447
1.00331
8.02389e-15
1.00331
1.02184
0.993945
0.990001
1.00628
1.00557
0.993661
0.997064
1.00636
1.00092
0.993634
1.00092
1.00636
0.997064
0.993661
1.00557
1.00628
0.990001
0.993945
1.02184
1.00331
1.60478e-14
