0
0.0155075
0.052429
0.0231378
0.0187539
0.0213837
0.00479156
0.0180009
0.0034965
0.0135866
0.00875663
0.00844632
0.0117523
0.00286493
0.0127311
0.00286493
0.0117523
0.00844632
0.00875663
0.0135866
0.0034965
0.0180009
0.00479156
0.0213837
0.0187539
0.0231378
0.052429
0.0155075
0
0.00775373
5.18104e-06
0.00718102
0.00456585
0.00254631
0.00146761
0.000903779
0.000594535
0.000422264
0.000312092
0.000239695
0.000196075
0.000171529
0.00015125
0.000144982
0.00015125
0.000171529
0.000196075
0.000239695
0.000312092
0.000422264
0.000594535
0.000903779
0.00146761
0.00254631
0.00456585
0.00718102
5.18104e-06
0.00775373
0.0262145
0.00717281
7.47485e-06
0.00239709
0.00231979
0.00176141
0.00127663
0.00092376
0.00068971
0.000535532
0.000425449
0.000355743
0.000316006
0.000288719
0.000278815
0.000288719
0.000316006
0.000355743
0.000425449
0.000535532
0.00068971
0.00092376
0.00127663
0.00176141
0.00231979
0.00239709
7.47485e-06
0.00717281
0.0262145
0.0115689
0.00455058
0.00236461
2.14106e-05
0.00103674
0.00123462
0.00112478
0.000939946
0.000771523
0.00063519
0.000536446
0.000465412
0.000415907
0.000390475
0.000385601
0.000390475
0.000415907
0.000465412
0.000536446
0.00063519
0.000771523
0.000939946
0.00112478
0.00123462
0.00103674
2.14106e-05
0.00236461
0.00455058
0.0115689
0.00937694
0.00252664
0.00228332
0.000984061
3.36234e-05
0.000557505
0.000734964
0.000749139
0.000700853
0.000629176
0.00055704
0.00050606
0.000473097
0.000447651
0.000440053
0.000447651
0.000473097
0.00050606
0.00055704
0.000629176
0.000700853
0.000749139
0.000734964
0.000557505
3.36234e-05
0.000984061
0.00228332
0.00252664
0.00937694
0.0106919
0.00144944
0.00172169
0.0011717
0.000476541
5.35544e-05
0.000349816
0.000497073
0.000545612
0.000543128
0.000525105
0.000499928
0.000481837
0.000460299
0.000453976
0.000460299
0.000481837
0.000499928
0.000525105
0.000543128
0.000545612
0.000497073
0.000349816
5.35544e-05
0.000476541
0.0011717
0.00172169
0.00144944
0.0106919
0.00239578
0.000879852
0.00122673
0.0010481
0.000640489
0.000237859
6.13073e-05
0.00026024
0.000365324
0.000428273
0.000446717
0.000451351
0.000444289
0.000441222
0.00043979
0.000441222
0.000444289
0.000451351
0.000446717
0.000428273
0.000365324
0.00026024
6.13073e-05
0.000237859
0.000640489
0.0010481
0.00122673
0.000879852
0.00239578
0.00900047
0.000568184
0.000865671
0.000852468
0.000643376
0.000366526
0.000108768
7.83319e-05
0.000220057
0.000301268
0.000348981
0.000375192
0.000396599
0.000396327
0.000399218
0.000396327
0.000396599
0.000375192
0.000348981
0.000301268
0.000220057
7.83319e-05
0.000108768
0.000366526
0.000643376
0.000852468
0.000865671
0.000568184
0.00900047
0.00174825
0.000380924
0.000622343
0.000674488
0.000573311
0.000396211
0.000203386
4.05083e-05
8.93113e-05
0.000186221
0.000259895
0.000301496
0.000319242
0.000337719
0.000344178
0.000337719
0.000319242
0.000301496
0.000259895
0.000186221
8.93113e-05
4.05083e-05
0.000203386
0.000396211
0.000573311
0.000674488
0.000622343
0.000380924
0.00174825
0.00679331
0.000271537
0.000454434
0.000532245
0.000494758
0.000379723
0.000245627
0.000115402
8.73354e-06
0.000104015
0.000168694
0.000215869
0.000254861
0.000264758
0.00027569
0.000264758
0.000254861
0.000215869
0.000168694
0.000104015
8.73354e-06
0.000115402
0.000245627
0.000379723
0.000494758
0.000532245
0.000454434
0.000271537
0.00679331
0.00437831
0.000200142
0.00034458
0.000410602
0.000407483
0.000352819
0.00025267
0.000148314
5.84577e-05
2.93992e-05
9.73685e-05
0.000148178
0.000177958
0.000198515
0.000206641
0.000198515
0.000177958
0.000148178
9.73685e-05
2.93992e-05
5.84577e-05
0.000148314
0.00025267
0.000352819
0.000407483
0.000410602
0.00034458
0.000200142
0.00437831
0.00422316
0.000150273
0.000261866
0.000329561
0.000335471
0.000303535
0.000246887
0.000170163
9.57475e-05
2.38942e-05
4.01724e-05
8.56039e-05
0.000112639
0.000136161
0.000145029
0.000136161
0.000112639
8.56039e-05
4.01724e-05
2.38942e-05
9.57475e-05
0.000170163
0.000246887
0.000303535
0.000335471
0.000329561
0.000261866
0.000150273
0.00422316
0.00587614
0.000114338
0.000206571
0.000258005
0.000278793
0.000270499
0.000229051
0.000174447
0.000111496
5.55497e-05
8.39959e-06
2.87058e-05
6.63678e-05
8.30274e-05
8.54116e-05
8.30274e-05
6.63678e-05
2.87058e-05
8.39959e-06
5.55497e-05
0.000111496
0.000174447
0.000229051
0.000270499
0.000278793
0.000258005
0.000206571
0.000114338
0.00587614
0.00143246
9.10849e-05
0.000154554
0.000205095
0.000228112
0.000229319
0.00020671
0.000173842
0.0001314
8.34442e-05
4.50847e-05
9.23349e-06
1.90342e-05
3.11971e-05
3.72954e-05
3.11971e-05
1.90342e-05
9.23349e-06
4.50847e-05
8.34442e-05
0.0001314
0.000173842
0.00020671
0.000229319
0.000228112
0.000205095
0.000154554
9.10849e-05
0.00143246
0.00636556
6.88876e-05
0.000123632
0.000174396
0.000192632
0.000195985
0.000190689
0.000161668
0.000128693
9.64456e-05
6.63766e-05
3.85894e-05
1.25252e-05
5.68495e-06
2.22045e-16
5.68495e-06
1.25252e-05
3.85894e-05
6.63766e-05
9.64456e-05
0.000128693
0.000161668
0.000190689
0.000195985
0.000192632
0.000174396
0.000123632
6.88876e-05
0.00636556
0.00143246
5.60689e-05
0.000108519
0.000145346
0.000159913
0.000169243
0.000167424
0.000154221
0.000128053
0.000102081
8.19993e-05
6.42989e-05
4.40025e-05
3.11971e-05
2.59255e-05
3.11971e-05
4.40025e-05
6.42989e-05
8.19993e-05
0.000102081
0.000128053
0.000154221
0.000167424
0.000169243
0.000159913
0.000145346
0.000108519
5.60689e-05
0.00143246
0.00587614
4.36457e-05
8.3164e-05
0.000120682
0.000143461
0.000144472
0.000146901
0.000142148
0.000130962
0.000106973
9.16979e-05
8.01617e-05
6.63678e-05
5.8059e-05
5.03613e-05
5.8059e-05
6.63678e-05
8.01617e-05
9.16979e-05
0.000106973
0.000130962
0.000142148
0.000146901
0.000144472
0.000143461
0.000120682
8.3164e-05
4.36457e-05
0.00587614
0.00422316
3.33488e-05
7.54572e-05
9.49542e-05
0.000122044
0.000131228
0.00013672
0.00013028
0.000121307
0.000108739
9.41756e-05
8.56039e-05
7.11834e-05
7.26285e-05
6.78503e-05
7.26285e-05
7.11834e-05
8.56039e-05
9.41756e-05
0.000108739
0.000121307
0.00013028
0.00013672
0.000131228
0.000122044
9.49542e-05
7.54572e-05
3.33488e-05
0.00422316
0.00437831
3.2836e-05
5.71403e-05
8.72926e-05
0.000103415
0.000116202
0.000113026
0.000115835
0.000110673
0.000108565
9.73685e-05
8.41749e-05
7.78605e-05
8.14306e-05
7.38882e-05
8.14306e-05
7.78605e-05
8.41749e-05
9.73685e-05
0.000108565
0.000110673
0.000115835
0.000113026
0.000116202
0.000103415
8.72926e-05
5.71403e-05
3.2836e-05
0.00437831
0.00679331
2.94267e-05
5.06538e-05
7.03677e-05
8.41866e-05
9.28548e-05
9.89931e-05
0.000105162
0.000103108
0.000104015
8.95283e-05
9.32356e-05
8.23383e-05
7.92329e-05
8.27989e-05
7.92329e-05
8.23383e-05
9.32356e-05
8.95283e-05
0.000104015
0.000103108
0.000105162
9.89931e-05
9.28548e-05
8.41866e-05
7.03677e-05
5.06538e-05
2.94267e-05
0.00679331
0.00174825
2.29429e-05
4.39663e-05
5.68119e-05
7.70531e-05
8.86608e-05
9.14311e-05
8.92661e-05
8.93113e-05
9.18465e-05
9.07649e-05
8.44419e-05
8.6784e-05
7.82658e-05
7.67922e-05
7.82658e-05
8.6784e-05
8.44419e-05
9.07649e-05
9.18465e-05
8.93113e-05
8.92661e-05
9.14311e-05
8.86608e-05
7.70531e-05
5.68119e-05
4.39663e-05
2.29429e-05
0.00174825
0.00900047
1.76878e-05
3.40556e-05
5.39069e-05
6.61658e-05
7.06312e-05
7.59902e-05
7.83319e-05
8.02829e-05
8.0703e-05
8.48319e-05
7.47495e-05
8.00037e-05
7.82641e-05
7.5882e-05
7.82641e-05
8.00037e-05
7.47495e-05
8.48319e-05
8.0703e-05
8.02829e-05
7.83319e-05
7.59902e-05
7.06312e-05
6.61658e-05
5.39069e-05
3.40556e-05
1.76878e-05
0.00900047
0.00239578
1.3608e-05
2.94729e-05
3.70778e-05
5.12022e-05
5.95909e-05
6.13073e-05
6.54812e-05
7.05065e-05
7.3653e-05
7.10209e-05
6.77436e-05
6.8336e-05
6.70878e-05
6.84129e-05
6.70878e-05
6.8336e-05
6.77436e-05
7.10209e-05
7.3653e-05
7.05065e-05
6.54812e-05
6.13073e-05
5.95909e-05
5.12022e-05
3.70778e-05
2.94729e-05
1.3608e-05
0.00239578
0.0106919
7.05001e-06
2.22758e-05
3.2554e-05
4.0515e-05
5.35544e-05
5.23659e-05
5.99155e-05
6.07402e-05
6.05497e-05
6.60842e-05
6.51651e-05
5.68663e-05
6.17364e-05
6.20066e-05
6.17364e-05
5.68663e-05
6.51651e-05
6.60842e-05
6.05497e-05
6.07402e-05
5.99155e-05
5.23659e-05
5.35544e-05
4.0515e-05
3.2554e-05
2.22758e-05
7.05001e-06
0.0106919
0.00937694
1.1592e-05
1.9522e-05
2.94461e-05
3.36234e-05
4.04486e-05
4.3273e-05
4.95963e-05
5.04889e-05
5.02317e-05
4.6142e-05
4.85456e-05
5.08433e-05
4.96258e-05
5.47903e-05
4.96258e-05
5.08433e-05
4.85456e-05
4.6142e-05
5.02317e-05
5.04889e-05
4.95963e-05
4.3273e-05
4.04486e-05
3.36234e-05
2.94461e-05
1.9522e-05
1.1592e-05
0.00937694
0.0115689
8.99742e-06
1.44549e-05
2.14106e-05
2.32369e-05
3.03621e-05
2.96036e-05
3.35707e-05
4.02228e-05
4.2578e-05
3.85513e-05
4.08968e-05
3.72208e-05
4.00332e-05
3.68088e-05
4.00332e-05
3.72208e-05
4.08968e-05
3.85513e-05
4.2578e-05
4.02228e-05
3.35707e-05
2.96036e-05
3.03621e-05
2.32369e-05
2.14106e-05
1.44549e-05
8.99742e-06
0.0115689
0.0262145
9.10129e-08
7.47483e-06
8.02349e-06
1.69455e-05
1.74533e-05
2.04296e-05
2.40329e-05
2.34004e-05
3.0444e-05
2.37293e-05
2.84201e-05
2.62711e-05
2.5647e-05
2.15507e-05
2.5647e-05
2.62711e-05
2.84201e-05
2.37293e-05
3.0444e-05
2.34004e-05
2.40329e-05
2.04296e-05
1.74533e-05
1.69455e-05
8.02349e-06
7.47483e-06
9.10129e-08
0.0262145
0.00775373
3.73772e-06
6.62667e-06
5.87308e-06
8.82812e-06
1.17447e-05
1.0073e-05
8.07295e-06
8.32843e-06
1.15931e-05
1.69868e-05
1.21591e-05
1.31594e-05
1.4197e-05
1.76303e-05
1.4197e-05
1.31594e-05
1.21591e-05
1.69868e-05
1.15931e-05
8.32843e-06
8.07295e-06
1.0073e-05
1.17447e-05
8.82812e-06
5.87308e-06
6.62667e-06
3.73772e-06
0.00775373
0
0.00775373
0.0262145
0.0115689
0.00937694
0.0106919
0.00239578
0.00900047
0.00174825
0.00679331
0.00437831
0.00422316
0.00587614
0.00143246
0.00636556
0.00143246
0.00587614
0.00422316
0.00437831
0.00679331
0.00174825
0.00900047
0.00239578
0.0106919
0.00937694
0.0115689
0.0262145
0.00775373
0
