1
1
1
1
1
1
1
1
1
1
1
1
1
1
1
1
1
1
1
1
1
1
1
1
0.999982
0.999969
0.999959
0.99995
0.999944
0.999939
0.999935
0.999932
0.99993
0.999929
0.999929
0.999929
0.99993
0.999932
0.999935
0.999939
0.999944
0.99995
0.999959
0.999969
0.999982
1
1
0.999969
0.999941
0.999924
0.999906
0.999895
0.999883
0.999878
0.99987
0.999868
0.999863
0.999865
0.999863
0.999868
0.99987
0.999878
0.999883
0.999895
0.999906
0.999924
0.999941
0.999969
1
1
0.999959
0.999924
0.999897
0.999873
0.999856
0.999841
0.99983
0.999821
0.999816
0.999812
0.999811
0.999812
0.999816
0.999821
0.99983
0.999841
0.999856
0.999873
0.999897
0.999924
0.999959
1
1
0.99995
0.999906
0.999873
0.999843
0.999822
0.999801
0.999789
0.999776
0.99977
0.999764
0.999764
0.999764
0.99977
0.999776
0.999789
0.999801
0.999822
0.999843
0.999873
0.999906
0.99995
1
1
0.999944
0.999895
0.999856
0.999822
0.999795
0.999773
0.999756
0.999742
0.999734
0.999728
0.999727
0.999728
0.999734
0.999742
0.999756
0.999773
0.999795
0.999822
0.999856
0.999895
0.999944
1
1
0.999939
0.999883
0.999841
0.999801
0.999773
0.999745
0.999728
0.999711
0.999703
0.999694
0.999695
0.999694
0.999703
0.999711
0.999728
0.999745
0.999773
0.999801
0.999841
0.999883
0.999939
1
1
0.999935
0.999878
0.99983
0.999789
0.999756
0.999728
0.999707
0.99969
0.999679
0.999672
0.99967
0.999672
0.999679
0.99969
0.999707
0.999728
0.999756
0.999789
0.99983
0.999878
0.999935
1
1
0.999932
0.99987
0.999821
0.999776
0.999742
0.999711
0.99969
0.99967
0.99966
0.999651
0.99965
0.999651
0.99966
0.99967
0.99969
0.999711
0.999742
0.999776
0.999821
0.99987
0.999932
1
1
0.99993
0.999868
0.999816
0.99977
0.999734
0.999703
0.999679
0.99966
0.999648
0.99964
0.999638
0.99964
0.999648
0.99966
0.999679
0.999703
0.999734
0.99977
0.999816
0.999868
0.99993
1
1
0.999929
0.999863
0.999812
0.999764
0.999728
0.999694
0.999672
0.999651
0.99964
0.999629
0.999629
0.999629
0.99964
0.999651
0.999672
0.999694
0.999728
0.999764
0.999812
0.999863
0.999929
1
1
0.999929
0.999865
0.999811
0.999764
0.999727
0.999695
0.99967
0.99965
0.999638
0.999629
0.999627
0.999629
0.999638
0.99965
0.99967
0.999695
0.999727
0.999764
0.999811
0.999865
0.999929
1
1
0.999929
0.999863
0.999812
0.999764
0.999728
0.999694
0.999672
0.999651
0.99964
0.999629
0.999629
0.999629
0.99964
0.999651
0.999672
0.999694
0.999728
0.999764
0.999812
0.999863
0.999929
1
1
0.99993
0.999868
0.999816
0.99977
0.999734
0.999703
0.999679
0.99966
0.999648
0.99964
0.999638
0.99964
0.999648
0.99966
0.999679
0.999703
0.999734
0.99977
0.999816
0.999868
0.99993
1
1
0.999932
0.99987
0.999821
0.999776
0.999742
0.999711
0.99969
0.99967
0.99966
0.999651
0.99965
0.999651
0.99966
0.99967
0.99969
0.999711
0.999742
0.999776
0.999821
0.99987
0.999932
1
1
0.999935
0.999878
0.99983
0.999789
0.999756
0.999728
0.999707
0.99969
0.999679
0.999672
0.99967
0.999672
0.999679
0.99969
0.999707
0.999728
0.999756
0.999789
0.99983
0.999878
0.999935
1
1
0.999939
0.999883
0.999841
0.999801
0.999773
0.999745
0.999728
0.999711
0.999703
0.999694
0.999695
0.999694
0.999703
0.999711
0.999728
0.999745
0.999773
0.999801
0.999841
0.999883
0.999939
1
1
0.999944
0.999895
0.999856
0.999822
0.999795
0.999773
0.999756
0.999742
0.999734
0.999728
0.999727
0.999728
0.999734
0.999742
0.999756
0.999773
0.999795
0.999822
0.999856
0.999895
0.999944
1
1
0.99995
0.999906
0.999873
0.999843
0.999822
0.999801
0.999789
0.999776
0.99977
0.999764
0.999764
0.999764
0.99977
0.999776
0.999789
0.999801
0.999822
0.999843
0.999873
0.999906
0.99995
1
1
0.999959
0.999924
0.999897
0.999873
0.999856
0.999841
0.99983
0.999821
0.999816
0.999812
0.999811
0.999812
0.999816
0.999821
0.99983
0.999841
0.999856
0.999873
0.999897
0.999924
0.999959
1
1
0.999969
0.999941
0.999924
0.999906
0.999895
0.999883
0.999878
0.99987
0.999868
0.999863
0.999865
0.999863
0.999868
0.99987
0.999878
0.999883
0.999895
0.999906
0.999924
0.999941
0.999969
1
1
0.999982
0.999969
0.999959
0.99995
0.999944
0.999939
0.999935
0.999932
0.99993
0.999929
0.999929
0.999929
0.99993
0.999932
0.999935
0.999939
0.999944
0.99995
0.999959
0.999969
0.999982
1
1
1
1
1
1
1
1
1
1
1
1
1
1
1
1
1
1
1
1
1
1
1
1

